<?xml version="1.0" standalone="no"?>
<!DOCTYPE svg PUBLIC "-//W3C//DTD SVG 20010904//EN"
 "http://www.w3.org/TR/2001/REC-SVG-20010904/DTD/svg10.dtd">
<svg version="1.0" xmlns="http://www.w3.org/2000/svg"
 width="114.000000pt" height="114.000000pt" viewBox="0 0 114.000000 114.000000"
 preserveAspectRatio="xMidYMid meet">

<g transform="translate(0.000000,114.000000) scale(0.100000,-0.100000)"
fill="#000000" stroke="none">
<path d="M750 919 c-206 -18 -360 -24 -467 -18 -107 7 -138 0 -115 -23 19 -19
206 -28 357 -17 312 22 404 26 485 20 l85 -6 3 -242 c2 -235 3 -243 22 -243
19 0 20 7 20 255 l0 255 -22 9 c-37 14 -255 20 -368 10z"/>
<path d="M690 840 c-58 -5 -170 -13 -250 -18 -87 -7 -185 -8 -245 -3 -57 5
-104 5 -109 0 -40 -37 136 -54 369 -37 94 7 258 13 365 13 l195 0 3 -235 c1
-129 4 -241 7 -249 4 -11 8 -11 20 -1 13 10 15 53 15 261 l0 249 -22 9 c-36
13 -232 19 -348 11z"/>
<path d="M500 758 c-41 -5 -171 -10 -287 -10 l-213 -1 0 -254 0 -253 23 -9
c42 -16 213 -21 347 -10 290 22 389 26 485 19 62 -4 105 -3 113 3 18 14 18
502 0 514 -19 12 -381 13 -468 1z m414 -34 c14 -5 16 -35 16 -227 l0 -220 -92
6 c-51 3 -153 2 -228 -4 -74 -5 -189 -14 -255 -18 -66 -5 -164 -6 -217 -4
l-98 6 0 223 0 224 128 -5 c76 -3 184 0 267 8 146 15 452 21 479 11z"/>
<path d="M732 673 c3 -15 16 -18 81 -21 71 -3 78 -1 75 15 -3 15 -16 18 -81
21 -71 3 -78 1 -75 -15z"/>
<path d="M450 630 c0 -11 -4 -20 -10 -20 -5 0 -17 -11 -26 -25 -23 -35 -7 -68
47 -95 39 -20 41 -23 25 -38 -16 -16 -19 -15 -37 7 -11 13 -25 21 -34 17 -22
-8 -19 -23 10 -52 14 -14 25 -31 25 -39 0 -20 29 -19 37 1 3 9 17 27 30 40 37
37 24 67 -47 106 -17 10 -28 22 -25 28 9 15 42 12 49 -5 3 -8 12 -15 21 -15
21 0 19 46 -3 62 -10 7 -21 21 -25 31 -9 24 -37 22 -37 -3z"/>
<path d="M85 330 c-13 -21 9 -30 79 -30 78 0 92 5 75 27 -14 16 -144 18 -154
3z"/>
</g>
</svg>
